orderOpt = 5
numberOfVar = 21

mapping_paramOptX = 
-1.80498 -0.65744 -1.11528 0.926842 -2.00479 -0.740657 -5.74998 -6.6288 -11.8211 5.41265 -5.13525 -2.38657 -4.25118 39.8507 -1.79796 42.8161 48.4018 -54.1409 -3.75724 235.057 0.0248754 
mapping_paramOptY = 
-0.372245 3.03828 0.0960257 -2.03475 1.02487 4.95947 8.44173 20.7864 -38.6285 -0.935339 3.97528 -9.4856 30.9222 -0.877075 -18.7998 -59.7946 -81.6174 99.0134 -105.284 327.193 0.000421372 
EyePtsTransformMat_Opt = 
0.00366092 0 -1.18848 
0 0.00366092 -0.728817 
0 0 1 

ScenePtsTransformMat_Opt = 
0.00133223 0 -1.11907 
0 0.00133223 -0.699421 
0 0 1 
