orderOpt = 5
numberOfVar = 21

mapping_paramOptX = 
-2.00329 -0.84028 -1.36135 1.55436 -7.29407 1.09771 -39.5747 -14.4392 222.599 8.54546 -20.7993 -47.2621 264.481 835.772 -13.591 211.49 185.812 346.833 -1227.54 -9078.67 0.0102992 
mapping_paramOptY = 
-0.0949745 3.89196 -1.32291 -2.46424 -17.1036 -2.1479 10.2267 21.7748 -37.8939 0.68204 26.133 49.8296 -90.3513 336.687 7.0064 -2.40664 37.8162 -237.982 -1205.35 1860.22 0.183499 
EyePtsTransformMat_Opt = 
0.0035082 0 -1.25397 
0 0.0035082 -0.634703 
0 0 1 

ScenePtsTransformMat_Opt = 
0.00133223 0 -1.11907 
0 0.00133223 -0.699421 
0 0 1 
