orderOpt = 4
numberOfVar = 15

mapping_paramOptX = 
-1.9147 -1.93619 9.69704 6.71027 -12.7447 -1.39463 14.2062 -6.72652 28.9667 -48.679 -38.0078 -119.164 -184.123 599.962 -0.152626 
mapping_paramOptY = 
-0.328724 2.96722 -2.64078 -2.18419 -7.79348 0.315027 7.80413 20.1155 17.7818 9.26062 8.84364 -5.88182 -11.8828 -25.0395 0.198144 
EyePtsTransformMat_Opt = 
0.00344492 0 -1.2068 
0 0.00344492 -0.714176 
0 0 1 

ScenePtsTransformMat_Opt = 
0.00134054 0 -1.12606 
0 0.00134054 -0.702445 
0 0 1 
