orderOpt = 4
numberOfVar = 15

mapping_paramOptX = 
-2.15358 0.546875 2.69668 -0.269798 22.6517 0.182087 2.99451 -9.39145 -22.3065 -14.502 7.47762 -55.741 -42.5692 -579.625 -0.0927709 
mapping_paramOptY = 
-0.183952 1.30919 12.2507 7.89562 -5.20743 -1.96595 24.4552 12.82 42.5204 -62.1149 -39.7577 -162.604 -206.148 98.254 -0.105806 
EyePtsTransformMat_Opt = 
0.00347884 0 -1.19759 
0 0.00347884 -0.726207 
0 0 1 

ScenePtsTransformMat_Opt = 
0.00134054 0 -1.12606 
0 0.00134054 -0.702445 
0 0 1 
