orderOpt = 4
numberOfVar = 15

mapping_paramOptX = 
-1.92418 0.826976 -1.89976 0.462889 12.6717 -0.373858 -4.32648 -11.4269 -30.6143 8.53453 5.16201 -3.20886 -4.85069 -349.889 0.0236427 
mapping_paramOptY = 
-0.0703587 1.68181 1.97006 2.47379 -15.726 -0.753717 11.3827 12.1605 37.9996 -12.7237 -1.11816 -36.0012 -121.08 318.813 0.10736 
EyePtsTransformMat_Opt = 
0.00352007 0 -1.19836 
0 0.00352007 -0.724915 
0 0 1 

ScenePtsTransformMat_Opt = 
0.00134054 0 -1.12606 
0 0.00134054 -0.702445 
0 0 1 
