orderOpt = 4
numberOfVar = 15

mapping_paramOptX = 
-2.05889 -1.0615 12.4026 2.24464 -21.2184 -1.25991 7.85196 2.66868 10.5674 -74.1556 -31.8041 13.2395 24.5332 297.996 0.018847 
mapping_paramOptY = 
0.00546233 0.830571 4.99489 0.666381 -7.12792 -2.08651 10.15 0.060165 20.3128 -34.3933 -4.72956 -7.43694 1.29685 88.5031 0.0740267 
EyePtsTransformMat_Opt = 
0.00339443 0 -1.19187 
0 0.00339443 -0.731288 
0 0 1 

ScenePtsTransformMat_Opt = 
0.00134054 0 -1.12606 
0 0.00134054 -0.702445 
0 0 1 
