orderOpt = 5
numberOfVar = 21

mapping_paramOptX = 
-1.84574 -0.167689 -0.048897 1.98521 1.65581 -1.96174 -11.8764 3.28808 -31.2738 0.176769 -1.66845 -22.1766 -34.8559 22.2035 1.80756 72.9931 -20.9451 -41.5032 -233.798 1097.7 -0.0146574 
mapping_paramOptY = 
-0.34071 2.73368 -0.924544 -1.83134 -6.95421 4.6315 19.5973 21.8847 -13.5927 1.03448 21.2463 6.92293 -14.7265 -22.4955 -18.5574 -64.4934 -206.542 -97.0747 -90.7437 1186.99 0.136157 
EyePtsTransformMat_Opt = 
0.00348288 0 -1.23768 
0 0.00348288 -0.66119 
0 0 1 

ScenePtsTransformMat_Opt = 
0.00133223 0 -1.11907 
0 0.00133223 -0.699421 
0 0 1 
