orderOpt = 5
numberOfVar = 21

mapping_paramOptX = 
-1.12155 -0.580375 -0.247383 -2.32116 0.123064 -21.7943 -11.5708 -49.0191 28.0838 1.84674 0.854783 27.1978 13.8046 8.25467 87.8274 106.742 219.165 -180.142 862.719 -533.496 -0.0114323 
mapping_paramOptY = 
-0.755447 3.8773 2.10806 0.556305 5.8556 18.3908 16.5678 45.0424 -146.077 -9.62407 17.76 -107.916 102.774 -115.3 -80.8705 -113.973 -212.179 560.985 -1415.01 2979.35 -0.0359642 
EyePtsTransformMat_Opt = 
0.00346249 0 -1.22932 
0 0.00346249 -0.674216 
0 0 1 

ScenePtsTransformMat_Opt = 
0.00133718 0 -1.12323 
0 0.00133718 -0.702017 
0 0 1 
