orderOpt = 5
numberOfVar = 21

mapping_paramOptX = 
-1.87643 0.686765 -1.02191 2.39219 0.593438 -6.59116 -20.2907 7.57341 -64.6426 3.92741 -7.91587 -6.12982 -16.7288 -63.8739 30.4281 82.481 -87.9371 245.728 274.882 1086.76 0.0461215 
mapping_paramOptY = 
0.120265 2.23194 -0.599023 -3.45243 -8.52228 -0.692576 21.433 15.6627 -22.2066 0.783439 22.8781 -1.46981 57.3265 15.0224 -1.36867 -70.8479 -164.56 38.3379 -46.5655 832.569 0.140676 
EyePtsTransformMat_Opt = 
0.00355012 0 -1.19341 
0 0.00355012 -0.731326 
0 0 1 

ScenePtsTransformMat_Opt = 
0.00133718 0 -1.12323 
0 0.00133718 -0.702017 
0 0 1 
