mappingX:
 -1.96793 -1.41154 -0.491846 0.605027 -0.0313187 3.68897 1.24343 -7.24214 64.0127 2.48416 3.51288 7.10907 -12.2843 -0.853818 -12.9496 -2.43466 -9.21234 -25.7413 156.183 -844.415 0.00224596
mappingY:
 0.311558 1.483 0.0250138 -0.489874 4.8767 -9.61225 -2.49209 0.416196 25.2201 -1.138 -4.68199 -21.7895 19.2432 -82.7277 29.7219 32.9899 50.9795 8.19738 -83.8248 -161.311 0.00833908
EyePtsTransformMat_Opt = 
0.0035986 0 -1.1612 
0 0.0035986 -0.77341 
0 0 1 
ScenePtsTransformMat_Opt = 
0.00133718 0 -1.12323 
0 0.00133718 -0.702017 
0 0 1 
