calibration size = 21
cal , eye : 
[168, 105] , [446, 181]
[504, 105] , [397, 175]
[840, 105] , [346, 173]
[1176, 105] , [297, 176]
[1512, 105] , [251, 174]
[168, 315] , [465, 198]
[504, 315] , [403, 193]
[1176, 315] , [298, 189]
[1512, 315] , [235, 188]
[168, 525] , [472, 217]
[840, 525] , [345, 217]
[1512, 525] , [241, 217]
[168, 735] , [458, 246]
[504, 735] , [416, 248]
[1176, 735] , [302, 248]
[1512, 735] , [250, 255]
[168, 945] , [453, 277]
[504, 945] , [404, 281]
[840, 945] , [347, 287]
[1176, 945] , [292, 287]
[1512, 945] , [250, 287]
anchor pts : 
chessBoardSize = 5 X 5
x_dist = 336
y_dist = 210
calInterAnchorPoints.size = 12

[1, 0]
[3, 0]
[0, 1]
[2, 1]
[4, 1]
[1, 2]
[3, 2]
[0, 3]
[2, 3]
[4, 3]
[1, 4]
[3, 4]
